[
  {
    "type": "Feature",
    "properties": {},
    "geometry": {
      "type": "LineString",
      "coordinates": [
        [
          19.6648281,
          50.0951772
        ],
        [
          19.6654129,
          50.0951853
        ],
        [
          19.6661029,
          50.0951897
        ],
        [
          19.6667862,
          50.0951864
        ],
        [
          19.6672249,
          50.0951764
        ],
        [
          19.6675004,
          50.0951712
        ],
        [
          19.6678127,
          50.0951608
        ],
        [
          19.6682895,
          50.095143
        ],
        [
          19.6687772,
          50.0951215
        ],
        [
          19.6690265,
          50.0951086
        ],
        [
          19.6694865,
          50.0950798
        ],
        [
          19.6699524,
          50.0950507
        ],
        [
          19.6704863,
          50.0950106
        ],
        [
          19.6710691,
          50.0949584
        ],
        [
          19.6717188,
          50.094893
        ],
        [
          19.67225,
          50.09483
        ],
        [
          19.6729695,
          50.0947426
        ],
        [
          19.6736064,
          50.0946571
        ],
        [
          19.6742474,
          50.0945613
        ],
        [
          19.6748326,
          50.0944696
        ],
        [
          19.6753745,
          50.0943733
        ],
        [
          19.6760095,
          50.0942564
        ],
        [
          19.6766853,
          50.0941208
        ],
        [
          19.6774086,
          50.0939666
        ],
        [
          19.6782444,
          50.093775
        ],
        [
          19.6787904,
          50.0936391
        ],
        [
          19.6793609,
          50.0934948
        ],
        [
          19.6799209,
          50.093341
        ],
        [
          19.680442,
          50.0931884
        ],
        [
          19.6810393,
          50.0930095
        ],
        [
          19.681638,
          50.0928198
        ],
        [
          19.6823752,
          50.0925747
        ],
        [
          19.6829328,
          50.0923776
        ],
        [
          19.6833264,
          50.0922386
        ],
        [
          19.6838723,
          50.0920344
        ],
        [
          19.6843095,
          50.0918637
        ],
        [
          19.6847673,
          50.0916801
        ],
        [
          19.6852459,
          50.0914788
        ],
        [
          19.6858844,
          50.0912026
        ],
        [
          19.6864995,
          50.0909181
        ],
        [
          19.6875149,
          50.090432
        ],
        [
          19.6880984,
          50.0901443
        ],
        [
          19.6896123,
          50.0893711
        ],
        [
          19.6920995,
          50.0880994
        ],
        [
          19.6948149,
          50.086703
        ],
        [
          19.7021598,
          50.0829304
        ],
        [
          19.7037656,
          50.0821049
        ],
        [
          19.7073663,
          50.0802574
        ],
        [
          19.7080338,
          50.0799151
        ],
        [
          19.7084409,
          50.0797047
        ],
        [
          19.7090718,
          50.0793841
        ],
        [
          19.7095558,
          50.0791433
        ],
        [
          19.7100274,
          50.0789141
        ],
        [
          19.7104058,
          50.0787348
        ],
        [
          19.7108315,
          50.0785415
        ],
        [
          19.7112436,
          50.0783605
        ],
        [
          19.7117084,
          50.078165
        ],
        [
          19.7121363,
          50.07799
        ],
        [
          19.7125427,
          50.0778293
        ]
      ]
    }
  },
  {
    "type": "Feature",
    "properties": {},
    "geometry": {
      "type": "LineString",
      "coordinates": [
        [
          19.7075699,
          50.0803754
        ],
        [
          19.7039842,
          50.0822166
        ],
        [
          19.7023458,
          50.0830615
        ],
        [
          19.6949665,
          50.0868479
        ],
        [
          19.6922883,
          50.0882206
        ],
        [
          19.68983,
          50.0894829
        ],
        [
          19.6883779,
          50.090223
        ],
        [
          19.6876737,
          50.0905757
        ],
        [
          19.6866677,
          50.0910561
        ],
        [
          19.6860552,
          50.0913417
        ],
        [
          19.6853811,
          50.0916334
        ],
        [
          19.6848783,
          50.0918403
        ],
        [
          19.6844552,
          50.0920117
        ],
        [
          19.683987,
          50.0921953
        ],
        [
          19.6834252,
          50.0924054
        ],
        [
          19.6830437,
          50.0925412
        ],
        [
          19.6825371,
          50.0927178
        ],
        [
          19.6817975,
          50.0929636
        ],
        [
          19.6811572,
          50.0931641
        ],
        [
          19.6805251,
          50.0933608
        ],
        [
          19.6800284,
          50.0934978
        ],
        [
          19.6794641,
          50.0936514
        ],
        [
          19.6788823,
          50.0938015
        ],
        [
          19.6783257,
          50.0939367
        ],
        [
          19.6775238,
          50.0941224
        ],
        [
          19.6767651,
          50.0942854
        ],
        [
          19.6761197,
          50.0944139
        ],
        [
          19.6754282,
          50.0945412
        ],
        [
          19.6749025,
          50.0946352
        ],
        [
          19.6743081,
          50.0947304
        ],
        [
          19.6736742,
          50.0948265
        ],
        [
          19.6730319,
          50.0949117
        ],
        [
          19.6723479,
          50.094998
        ],
        [
          19.6717854,
          50.0950621
        ],
        [
          19.6710933,
          50.0951297
        ],
        [
          19.6705096,
          50.0951819
        ],
        [
          19.6699108,
          50.0952276
        ],
        [
          19.6694721,
          50.0952588
        ],
        [
          19.6688791,
          50.0952932
        ],
        [
          19.6683422,
          50.0953191
        ],
        [
          19.66783,
          50.0953366
        ],
        [
          19.6673072,
          50.0953526
        ],
        [
          19.6667758,
          50.0953599
        ],
        [
          19.6661174,
          50.0953639
        ],
        [
          19.6653938,
          50.0953599
        ],
        [
          19.6646949,
          50.0953465
        ]
      ]
    }
  },
  {
    "type": "Feature",
    "properties": {},
    "geometry": {
      "type": "LineString",
      "coordinates": [
        [
          19.7125369,
          50.0780309
        ],
        [
          19.712264,
          50.0781404
        ],
        [
          19.7117448,
          50.0783544
        ],
        [
          19.7114156,
          50.0784944
        ],
        [
          19.7109808,
          50.0786848
        ],
        [
          19.7105627,
          50.0788752
        ],
        [
          19.7101003,
          50.0790937
        ]
      ]
    }
  },
  {
    "type": "Feature",
    "properties": {},
    "geometry": {
      "type": "LineString",
      "coordinates": [
        [
          19.7139673,
          50.0775128
        ],
        [
          19.7135457,
          50.0776566
        ],
        [
          19.7132542,
          50.0777577
        ],
        [
          19.7129215,
          50.0778814
        ],
        [
          19.7125369,
          50.0780309
        ]
      ]
    }
  },
  {
    "type": "Feature",
    "properties": {},
    "geometry": {
      "type": "LineString",
      "coordinates": [
        [
          19.7125427,
          50.0778293
        ],
        [
          19.7128933,
          50.0776973
        ],
        [
          19.7134681,
          50.0774929
        ],
        [
          19.7139515,
          50.0773267
        ]
      ]
    }
  },
  {
    "type": "Feature",
    "properties": {},
    "geometry": {
      "type": "LineString",
      "coordinates": [
        [
          19.7101003,
          50.0790937
        ],
        [
          19.7096324,
          50.0793191
        ],
        [
          19.7086224,
          50.07983
        ],
        [
          19.7081796,
          50.08006
        ],
        [
          19.7075699,
          50.0803754
        ]
      ]
    }
  },
  {
    "type": "Feature",
    "properties": {},
    "geometry": {
      "type": "LineString",
      "coordinates": [
        [
          19.7299067,
          50.0755724
        ],
        [
          19.7294444,
          50.0755398
        ],
        [
          19.7290433,
          50.0755175
        ],
        [
          19.7286751,
          50.0755014
        ],
        [
          19.7281947,
          50.0754843
        ],
        [
          19.7277321,
          50.0754738
        ],
        [
          19.7272073,
          50.0754673
        ],
        [
          19.7267071,
          50.0754661
        ],
        [
          19.7261247,
          50.0754726
        ],
        [
          19.7256501,
          50.0754807
        ],
        [
          19.7251878,
          50.075496
        ],
        [
          19.7247771,
          50.0755137
        ],
        [
          19.7243462,
          50.075539
        ],
        [
          19.7238967,
          50.0755683
        ],
        [
          19.723354,
          50.0756115
        ],
        [
          19.7229285,
          50.0756477
        ],
        [
          19.722401,
          50.0756994
        ],
        [
          19.7220445,
          50.0757374
        ],
        [
          19.7217151,
          50.0757745
        ],
        [
          19.7212617,
          50.0758325
        ],
        [
          19.7208317,
          50.0758912
        ],
        [
          19.7204682,
          50.0759449
        ],
        [
          19.7202072,
          50.0759871
        ],
        [
          19.7196295,
          50.076084
        ],
        [
          19.7191901,
          50.0761639
        ],
        [
          19.718712,
          50.0762572
        ],
        [
          19.7183773,
          50.0763252
        ],
        [
          19.7178069,
          50.0764481
        ],
        [
          19.7173918,
          50.0765429
        ],
        [
          19.7169441,
          50.0766495
        ],
        [
          19.7164963,
          50.0767636
        ],
        [
          19.7160213,
          50.0768894
        ],
        [
          19.7154819,
          50.0770397
        ],
        [
          19.7150492,
          50.0771678
        ],
        [
          19.7145731,
          50.0773141
        ],
        [
          19.7139673,
          50.0775128
        ]
      ]
    }
  },
  {
    "type": "Feature",
    "properties": {},
    "geometry": {
      "type": "LineString",
      "coordinates": [
        [
          19.7139515,
          50.0773267
        ],
        [
          19.714425,
          50.0771738
        ],
        [
          19.7149187,
          50.0770199
        ],
        [
          19.71534,
          50.076894
        ],
        [
          19.7158708,
          50.0767438
        ],
        [
          19.7164242,
          50.0765967
        ],
        [
          19.7168547,
          50.0764881
        ],
        [
          19.7173245,
          50.0763737
        ],
        [
          19.717694,
          50.0762904
        ],
        [
          19.7183122,
          50.0761563
        ],
        [
          19.7186391,
          50.0760897
        ],
        [
          19.7190767,
          50.076004
        ],
        [
          19.7195231,
          50.0759227
        ],
        [
          19.7201214,
          50.0758212
        ],
        [
          19.7203988,
          50.0757782
        ],
        [
          19.7207696,
          50.0757226
        ],
        [
          19.7211853,
          50.0756665
        ],
        [
          19.7216441,
          50.0756085
        ],
        [
          19.721947,
          50.0755722
        ],
        [
          19.7223784,
          50.0755261
        ],
        [
          19.7228721,
          50.0754787
        ],
        [
          19.7233305,
          50.0754387
        ],
        [
          19.7238244,
          50.0753991
        ],
        [
          19.7243638,
          50.0753648
        ],
        [
          19.7247555,
          50.0753428
        ],
        [
          19.7251819,
          50.0753233
        ],
        [
          19.7256283,
          50.0753083
        ],
        [
          19.7261141,
          50.0752991
        ],
        [
          19.7267071,
          50.0752948
        ],
        [
          19.7272088,
          50.0752939
        ],
        [
          19.7277343,
          50.0752992
        ],
        [
          19.7281814,
          50.075311
        ],
        [
          19.7286609,
          50.0753272
        ],
        [
          19.7290315,
          50.0753441
        ],
        [
          19.729458,
          50.075368
        ],
        [
          19.7299347,
          50.0753991
        ],
        [
          19.7304292,
          50.0754379
        ],
        [
          19.7310745,
          50.0754968
        ],
        [
          19.7316025,
          50.0755516
        ],
        [
          19.7320836,
          50.0756046
        ],
        [
          19.7325805,
          50.0756692
        ]
      ]
    }
  },
  {
    "type": "Feature",
    "properties": {},
    "geometry": {
      "type": "LineString",
      "coordinates": [
        [
          19.73252,
          50.075837
        ],
        [
          19.7319891,
          50.0757713
        ],
        [
          19.7314992,
          50.0757164
        ],
        [
          19.7310605,
          50.0756699
        ],
        [
          19.7303834,
          50.0756084
        ],
        [
          19.7299067,
          50.0755724
        ]
      ]
    }
  }
]